typography_spectrum: 0.0280445059761405
color:
  brandStrength: 0.39998318161815405
  lightness: 0.6225515694823116
  saturation: 0.5663722157478333
  rhythmicContrast: 0.6506058531813323
layout_spectrum: 0.043438678374513984
logo: null
name: Fig Tree Day Nursery
